49    1.453709091821091501e-06    5.159597231930673559e-06    9.484825776882395594e-08    4.894048189801401350e+03
91    3.955688037559321054e-06    2.551180574896859101e-06    1.383453123612285088e-07    1.222842300118575986e+04
53    1.484750530735125781e-06    5.144325939543857191e-06    3.577278521022606644e-08    8.386010655362255420e+03
1    5.197856174941705267e-06    2.710365834284128168e-06    -1.138888243727813492e-07    8.424597442564538142e+03
94    1.483283208242089344e-06    5.184218259390043969e-06    2.089867762636631174e-07    1.187370157846163238e+04
16    1.596511590086300578e-06    4.680299580446603693e-06    6.482982278356539883e-08    9.214092239044861344e+03
9    4.585844008857327543e-06    2.532702523441224393e-06    2.055196387068903804e-07    7.342930348670465719e+03
91    1.278622373552055288e-06    1.789820846812443318e-06    2.498139497635291204e-07    7.621622093957072138e+03
36    1.536487987605377167e-06    6.068916258613486412e-06    -1.122459030996808525e-07    8.611876036078307152e+03
17    2.075290129037731018e-06    3.627059228353338398e-06    8.848307211981353374e-08    1.046313942238659911e+04
61    4.514112592699003404e-06    2.568413269085205169e-06    -4.354598414348030704e-08    8.847598201561615497e+03
51    1.608086061660750762e-06    4.641191492846912433e-06    2.839727050062248780e-08    9.602797215870430591e+03
18    1.494361354550971040e-06    5.824387161362215848e-06    -5.169952770119934874e-08    9.442022514088754178e+03
73    1.469180547245962595e-06    5.298351390312251092e-06    -1.060670869527464149e-08    1.645210709662886075e+04
56    3.131133532622316226e-07    1.064353554709038151e-06    3.300836623579630034e-07    4.743951966354665274e+03
20    1.498036651640411502e-06    5.772798335157422363e-06    -7.419744861792891479e-08    8.643639748937015611e+03
27    5.726234429898081264e-07    1.542634232020825512e-06    3.350086071412412710e-07    5.084372025391628995e+03
68    2.159925461339422822e-06    3.448765430629738586e-06    5.019019151950166432e-08    1.019651705379628402e+04
15    1.577842298293224460e-06    4.715911633039698087e-06    1.375349872530342578e-07    1.211694501799546379e+04
16    2.075290129037731018e-06    3.627059228353338398e-06    8.848307211981353374e-08    5.192293418028566521e+03
18    4.074846577391777527e-06    2.479525697593452542e-06    -8.487797352371793557e-09    9.417511269727958279e+03
78    1.777564465358819555e-06    4.173481902699628605e-06    1.842676666964979065e-07    7.325233545172757658e+03
72    1.617260388656190543e-06    2.004929327491231928e-06    2.366603577222652862e-07    6.710632434002524860e+03
79    1.472686141881231391e-06    5.678710025138149159e-06    -5.425711745918563484e-08    2.384256596142322906e+03
45    1.732100007810499600e-06    4.289349560411115015e-06    2.427978266352050210e-07    5.424038044860753871e+03
72    2.159925461339422822e-06    3.448765430629738586e-06    5.019019151950166432e-08    6.716068010189296729e+03
71    3.721747022807721706e-06    2.481742323298167664e-06    1.695218016009079040e-07    5.359853739710249101e+03
12    1.576682852029681441e-06    4.680105434518278607e-06    6.173001070206515828e-08    7.661144894204539924e+03
63    3.358440927129519196e-06    2.595066599672874510e-06    1.280479006457182205e-07    7.335584390402437748e+03
34    1.850591691107030603e-06    4.136158748645338480e-06    9.571142837378668622e-08    1.115194757959661183e+04
90    2.859897517759622666e-06    3.099197613638490506e-06    9.148631615578662813e-08    9.684385492593641175e+03
93    1.766550434484583035e-06    2.104967664764746428e-06    2.346270361036230714e-07    8.180689180086096712e+03
25    2.525070208211051499e-06    2.376484838577550563e-06    1.508983004907602574e-07    1.050218852987979153e+04
41    2.389735635237301314e-06    3.088734970378478647e-06    -4.626070553373020544e-08    1.098259204753821723e+04
26    2.525070208211051499e-06    2.376484838577550563e-06    1.508983004907602574e-07    9.989367604001479776e+03
31    2.177944276798213389e-06    2.267357383278581280e-06    1.855254209651283224e-07    1.154668604984868034e+04
65    3.358440927129519196e-06    2.595066599672874510e-06    1.280479006457182205e-07    1.140921937511544093e+04
36    4.919331288435545670e-06    2.647871185424815892e-06    -9.447285347881792905e-08    1.015846281989634190e+04
52    3.842987602583638748e-06    2.462918763657923253e-06    1.103912131846914254e-08    1.039209193308819522e+04
37    4.919331288435545670e-06    2.647871185424815892e-06    -9.447285347881792905e-08    9.913563641568222010e+03
13    1.577842298293224460e-06    4.715911633039698087e-06    1.375349872530342578e-07    8.795879503987278440e+03
22    4.760538599599519263e-06    2.568852669093050617e-06    2.159052108328074201e-07    5.915801680286978808e+03
35    2.971619964985862129e-06    2.431159033848427646e-06    2.045926076387232875e-07    4.788059554441381806e+03
80    1.779905526224100808e-06    4.138018831074035166e-06    2.564934130486819301e-07    3.580392464790362737e+03
39    5.062155737133601926e-06    2.666798270821989467e-06    1.827395180945702549e-07    9.948879100470838239e+03
72    4.957009517586013647e-06    2.606859457039111932e-06    1.084578978633187052e-07    4.693551926898828242e+03
82    5.491017562829061020e-06    2.848551951347349164e-06    2.125822449328062851e-07    1.404991174057742683e+04
74    4.935916329705617496e-07    1.366682083280669759e-06    3.259162650754371778e-07    1.105330989111574490e+04
49    5.608524238708526760e-06    2.924364054939347843e-06    1.726171125888019822e-07    6.908216417085429384e+03
25    1.542280101978220946e-06    6.060555024797329427e-06    -9.113417051563499446e-08    9.507936323675472522e+03
91    4.465415852914423696e-06    2.543479644415970404e-06    1.276692684281735627e-07    1.359582403730915939e+04
83    2.091402691090030412e-06    2.236682960579028472e-06    1.916046843486022520e-07    6.244610142026522226e+03
14    3.072756201203420763e-06    3.021075715869020935e-06    1.112257203235739275e-07    6.027261445063237261e+03
28    1.466045173839229115e-06    5.269128712402294116e-06    2.344791776484973364e-08    1.393970835286192050e+04
68    4.514112592699003404e-06    2.568413269085205169e-06    -4.354598414348030704e-08    9.363651092172462086e+03
56    5.696282332434363431e-06    2.893884936934221789e-06    -1.311355100725917160e-07    1.552363789587487918e+04
75    1.469180547245962595e-06    5.298351390312251092e-06    -1.060670869527464149e-08    8.688506961730250623e+03
66    4.514112592699003404e-06    2.568413269085205169e-06    -4.354598414348030704e-08    9.266014624607063524e+03
21    2.504536152991931667e-06    2.879713783106367705e-06    -9.556516999136230578e-08    8.154364063411164352e+03
59    6.820998196095663921e-07    1.701455840719727324e-06    2.593699419552604349e-07    6.432870379215105459e+03
26    1.548980804526642042e-06    6.106993218913636736e-06    -1.852948708972289642e-07    1.579269061462544596e+04
74    2.746609471650508005e-06    2.412666877132536322e-06    1.322182347425631080e-07    5.517125860702872160e+03
58    5.696282332434363431e-06    2.893884936934221789e-06    -1.311355100725917160e-07    5.821719879099670834e+03
27    2.762490858687346800e-06    3.166584914807573925e-06    1.337633532969367582e-07    3.327396361099853038e+03
76    1.528689977419835515e-06    5.955653855883670938e-06    -4.553656061076561831e-08    4.420442532416128415e+03
60    3.358440927129519196e-06    2.595066599672874510e-06    1.280479006457182205e-07    7.427911668814927907e+03
25    3.819440390518564998e-06    2.510610579902675484e-06    1.323742416266531777e-07    1.034027339168522485e+04
68    1.641363213188157077e-06    2.041373795816547778e-06    1.938084373393597876e-07    4.164722482485545697e+03
65    1.823879401691911934e-06    4.044896486217287007e-06    2.148292061927895994e-07    6.592874033918411442e+03
84    2.091402691090030412e-06    2.236682960579028472e-06    1.916046843486022520e-07    5.401287165069738876e+03
79    4.150785348431088875e-06    2.495363548069239204e-06    -2.955581080132411367e-08    9.817925211262609082e+03
75    3.419063548454147221e-06    2.537995278682530797e-06    1.257155503970069044e-07    8.947296934537887864e+03
53    5.118778005994269889e-06    2.674866981478428749e-06    1.282137899261627004e-07    5.831402469069795188e+03
53    5.587538444589496800e-07    1.542864954057293531e-06    2.130641767338706006e-07    5.245518171393676312e+03
7    2.367165276131885363e-06    3.187352231637855418e-06    -3.520988751315877380e-08    1.264826188964944413e+04
66    3.358440927129519196e-06    2.595066599672874510e-06    1.280479006457182205e-07    5.960335921922631314e+03
64    4.985327171961559566e-07    1.355502232555201329e-06    3.192684720657771265e-07    5.589595717912719010e+03
92    2.859897517759622666e-06    3.099197613638490506e-06    9.148631615578662813e-08    6.929925333964749370e+03
37    1.582480201687719980e-06    4.704519401765269691e-06    4.739470519921993614e-08    8.618468273410513575e+03
45    1.475680027607971220e-06    5.267834973783785324e-06    4.308256506914248391e-07    8.963690214045162065e+03
6    2.530261894415897189e-06    3.340671161450117482e-06    1.171019896658338709e-07    8.508421485872480844e+03
52    5.755271586364827077e-06    2.934574319523094457e-06    -9.872471419902446007e-08    7.609537370348211880e+03
95    3.097556105922611696e-06    2.448609697775879711e-06    7.178283742685696572e-08    1.070962289305926242e+04
75    4.935916329705617496e-07    1.366682083280669759e-06    3.259162650754371778e-07    5.694119779545001620e+03
81    1.779905526224100808e-06    4.138018831074035166e-06    2.564934130486819301e-07    5.783051707235706999e+03
31    5.670339139817031402e-06    2.975891358409467113e-06    1.782028064917282043e-07    6.806725716349461436e+03
58    6.820998196095663921e-07    1.701455840719727324e-06    2.593699419552604349e-07    4.534156984765621928e+03
29    4.558718826764387490e-06    2.568595173665001356e-06    -4.988358985539915443e-08    9.540513877376693927e+03
54    4.698093164328049236e-06    2.600384832960229319e-06    -7.090651976340881531e-08    9.096510450679321366e+03
7    4.017045160574298669e-07    1.188051214367147236e-06    3.161945737914311036e-07    4.921121462919172700e+03
48    5.075592686882057857e-06    2.700676953674968764e-06    -4.418971713483788258e-09    7.085619751436544902e+03
33    1.582480201687719980e-06    4.704519401765269691e-06    4.739470519921993614e-08    1.364480484204168715e+04
17    5.118781142494460996e-06    2.685572888595054278e-06    2.940446959061624618e-09    1.058526369262882690e+04
65    1.525708255900622860e-06    4.911158892386449514e-06    2.715981993365711572e-08    5.282380424684044556e+03
17    1.494361354550971040e-06    5.824387161362215848e-06    -5.169952770119934874e-08    8.196362756932032426e+03
56    3.358440927129519196e-06    2.595066599672874510e-06    1.280479006457182205e-07    4.749706345961799343e+03
61    3.358440927129519196e-06    2.595066599672874510e-06    1.280479006457182205e-07    7.209925192806843370e+03
32    3.164921309251587503e-06    2.917588056764140295e-06    9.189673300237868345e-08    8.400435783526909290e+03
94    3.051252625034026057e-06    2.432066015588646860e-06    1.083185185011499588e-07    1.078358122323025236e+04
50    2.777293068407753953e-06    3.152377243245790558e-06    9.142614689747757202e-08    7.653082802994185840e+03
55    1.534689022826208311e-06    4.820133145989715730e-06    5.838552551056239840e-08    5.050859580940065825e+03
14    1.577842298293224460e-06    4.715911633039698087e-06    1.375349872530342578e-07    1.698813422991959305e+04
7    1.487377342542169393e-06    5.309109600880046702e-06    -1.021642323266359639e-07    4.472614420259888902e+03
76    4.935916329705617496e-07    1.366682083280669759e-06    3.259162650754371778e-07    5.811105187045589446e+03
76    4.212666887272186599e-06    2.571261079331956666e-06    2.071613881858816343e-07    1.046725394354869604e+04
29    5.670339139817031402e-06    2.975891358409467113e-06    1.782028064917282043e-07    7.519163986132512946e+03
49    2.673447006475433816e-06    2.377679249889406745e-06    1.476705463509324934e-07    5.644180082458612560e+03
54    3.358440927129519196e-06    2.595066599672874510e-06    1.280479006457182205e-07    1.015532515090198467e+04
84    1.745617418272283122e-06    4.298169479288633805e-06    2.303948247351868419e-07    8.041651557847852018e+03
60    4.514112592699003404e-06    2.568413269085205169e-06    -4.354598414348030704e-08    5.092841253278172189e+03
67    4.514112592699003404e-06    2.568413269085205169e-06    -4.354598414348030704e-08    9.261881360039398714e+03
7    1.945051709433843786e-06    3.945225632167708879e-06    8.055303840196360012e-08    1.031976363059732466e+04
38    4.919331288435545670e-06    2.647871185424815892e-06    -9.447285347881792905e-08    5.586288758658945881e+03
51    1.482381759805521760e-06    5.601389272030797594e-06    -3.347523763840448371e-08    4.028224209348257773e+03
16    4.010573924381922966e-06    2.502060171023529501e-06    2.815381427453507664e-08    7.272592103361774207e+03
79    1.779905526224100808e-06    4.138018831074035166e-06    2.564934130486819301e-07    5.224041907051856469e+03
74    1.469180547245962595e-06    5.298351390312251092e-06    -1.060670869527464149e-08    1.605095354045376007e+04
19    1.498036651640411502e-06    5.772798335157422363e-06    -7.419744861792891479e-08    7.291488730505336207e+03
76    2.746609471650508005e-06    2.412666877132536322e-06    1.322182347425631080e-07    8.284024675807477252e+03
54    2.536597673109533555e-06    2.807722884348198123e-06    -8.977610812106447762e-08    1.020123728223997205e+04
1    3.017314683184709832e-06    1.940188187528519865e-06    -2.892277291008588837e-07    1.549295582201912293e+04
44    1.475680027607971220e-06    5.267834973783785324e-06    4.308256506914248391e-07    4.997871198787201138e+03
66    1.684819307235506072e-06    2.048826543415885994e-06    2.194651887947891798e-07    6.095445617597541968e+03
40    3.272166702479777572e-06    2.434878715812389035e-06    4.088852853925279716e-08    9.380866329186465009e+03
18    2.075290129037731018e-06    3.627059228353338398e-06    8.848307211981353374e-08    4.239640990720990885e+03
95    1.483283208242089344e-06    5.184218259390043969e-06    2.089867762636631174e-07    1.061912607138643398e+04
0    4.167866588260543810e-06    2.573586093427967282e-06    1.412071878853347632e-07    4.463553820916574296e+03
46    5.573835451346529500e-06    2.871947310201628855e-06    1.927974018112904610e-07    5.309878732948304787e+03
24    1.466045173839229115e-06    5.269128712402294116e-06    2.344791776484973364e-08    6.569807334214661751e+03
72    1.469180547245962595e-06    5.298351390312251092e-06    -1.060670869527464149e-08    5.552096297571479226e+03
44    1.732100007810499600e-06    4.289349560411115015e-06    2.427978266352050210e-07    1.450360959031529273e+04
42    2.389735635237301314e-06    3.088734970378478647e-06    -4.626070553373020544e-08    1.129194085091384295e+04
17    4.030337718925701771e-07    1.193641959632761722e-06    3.673618825906841165e-07    4.312026243507390063e+03
99    2.894444578382980342e-06    3.111122787043723761e-06    1.162104837936352869e-07    1.075205988558661193e+04
69    1.641363213188157077e-06    2.041373795816547778e-06    1.938084373393597876e-07    3.368744402556096247e+03
90    1.500886433220585504e-06    4.941256448866861998e-06    1.224197507616724245e-08    8.338980585565763249e+03
78    2.391227578732589433e-06    2.324733985173486630e-06    1.595549580575496236e-07    4.588823333076687049e+03
50    2.673447006475433816e-06    2.377679249889406745e-06    1.476705463509324934e-07    5.777875112830764920e+03
66    1.823879401691911934e-06    4.044896486217287007e-06    2.148292061927895994e-07    8.469648912866990941e+03
91    3.854183893035862951e-07    1.080436067191981426e-06    2.670387007267595993e-07    3.760131760866779132e+03
57    5.696282332434363431e-06    2.893884936934221789e-06    -1.311355100725917160e-07    1.106215370039337540e+04
71    4.891500735982831287e-06    2.667499881698962875e-06    -5.839135465567235261e-08    3.774658140001607080e+03
83    5.553122271051303340e-06    2.845424905664386310e-06    2.688537891308313413e-07    3.853830343122285285e+03
79    3.557379927772437352e-07    1.097336415611797839e-06    2.976431531468628204e-07    4.057474362114884570e+03
8    1.577842298293224460e-06    4.715911633039698087e-06    1.375349872530342578e-07    4.859003051619894904e+03
36    1.967739971988905530e-06    3.945927549882581729e-06    1.126562361600233261e-07    5.670168029966352151e+03
32    4.978700964396381749e-06    2.643198794010189407e-06    1.879440288155956645e-07    3.628538774511701376e+03
21    1.498036651640411502e-06    5.772798335157422363e-06    -7.419744861792891479e-08    8.924299509322016092e+03
22    3.430483132495974454e-06    2.438296272878012375e-06    4.202237232152740381e-08    6.651731549774151972e+03
96    1.483283208242089344e-06    5.184218259390043969e-06    2.089867762636631174e-07    6.497991718730566390e+03
44    4.824274079168553005e-06    2.640839611267659440e-06    -7.352737355890955214e-08    1.171551187193540864e+04
13    2.242035075992761319e-06    3.625089285707958414e-06    1.223315030053881191e-07    8.897606599061440647e+03
52    1.571642230243776505e-06    4.603153152611000997e-06    7.815655926861151642e-08    2.996555961885133001e+03
69    2.159925461339422822e-06    3.448765430629738586e-06    5.019019151950166432e-08    1.069707082171111870e+04
66    2.706655002264947558e-06    3.213913971346717071e-06    1.239759484165519250e-07    7.715056304643851036e+03
15    3.827923043310749351e-06    2.454108364732922989e-06    1.924136032558387653e-08    5.775426229971570137e+03
38    1.505673180484402846e-06    4.914375252673565178e-06    6.561109831951491210e-08    2.114368129084517932e+03
55    3.131133532622316226e-07    1.064353554709038151e-06    3.300836623579630034e-07    1.979034070659893359e+03
48    3.842987602583638748e-06    2.462918763657923253e-06    1.103912131846914254e-08    4.398885582548698949e+03
50    1.608086061660750762e-06    4.641191492846912433e-06    2.839727050062248780e-08    3.018184701746827614e+03
15    4.030337718925701771e-07    1.193641959632761722e-06    3.673618825906841165e-07    4.233078951409654110e+03
16    4.030337718925701771e-07    1.193641959632761722e-06    3.673618825906841165e-07    3.563440222306671330e+03
27    1.466045173839229115e-06    5.269128712402294116e-06    2.344791776484973364e-08    5.763075334892069804e+03
62    1.720095194990497022e-06    4.322288649901815554e-06    2.683607899722495687e-07    1.203992681344425000e+04
0    3.017314683184709832e-06    1.940188187528519865e-06    -2.892277291008588837e-07    1.174978658629221354e+04
69    1.499725088648777652e-06    5.049247750958978169e-06    -4.184080332166624492e-08    1.078419875652056362e+04
54    2.280808251824860386e-06    2.308325290589436714e-06    1.383477036642646484e-07    4.673911446792645620e+03
38    2.962152545621280355e-06    1.930933366800172253e-06    -2.370444871680837437e-07    1.040392446471736730e+04
6    2.746888094182420533e-06    2.465365457221635585e-06    -1.062431692413233773e-07    7.335889035833034541e+03
60    4.944985450594155956e-06    2.624318656522012355e-06    1.732212732527408646e-07    2.435866042939621821e+03
92    4.404998453941048063e-06    2.538529071978831723e-06    1.992408735216944939e-07    9.449748735780714924e+03
7    2.746888094182420533e-06    2.465365457221635585e-06    -1.062431692413233773e-07    8.377774881523435397e+03
61    4.858412441897742123e-07    1.376789009311662954e-06    3.806596389976632836e-07    4.324589511534225494e+03
61    1.720095194990497022e-06    4.322288649901815554e-06    2.683607899722495687e-07    8.513494032580243584e+03
42    4.692576285628328855e-07    1.310068628543863421e-06    4.160735636896379735e-07    2.594563179311253862e+03
55    2.070469364673057627e-06    3.623716521803049311e-06    1.307539743797882578e-07    2.160251146152680576e+03
57    3.302757189017939717e-06    2.470805832963828311e-06    7.450256178108441568e-08    9.225938053937630684e+03
94    1.766550434484583035e-06    2.104967664764746428e-06    2.346270361036230714e-07    3.109897874248466906e+03
72    4.935916329705617496e-07    1.366682083280669759e-06    3.259162650754371778e-07    2.908029617247542319e+03
70    6.032096964238697082e-06    3.283721392609544912e-06    1.701460771327581556e-07    2.497037289835709089e+03
19    5.723528701823468655e-06    3.017087115707927945e-06    2.192452290116637089e-07    6.368700394098512334e+03
82    1.779905526224100808e-06    4.138018831074035166e-06    2.564934130486819301e-07    9.165478605040452749e+03
20    3.273574021855412199e-06    2.687658543693150965e-06    1.463546883100718380e-07    2.756568748684893762e+03
0    1.546730478136436647e-06    2.008371169592799008e-06    2.077378929338139169e-07    2.258418242023687981e+03
34    4.891919711792320280e-06    2.578465005372545809e-06    1.560148255122232281e-07    2.936095458536932256e+03
91    3.314997416730856418e-06    1.963546334986307682e-06    -3.126913947888433228e-08    2.404379971319653578e+03
64    1.802953969665833680e-06    4.145277129670615764e-06    1.935247051336756389e-07    1.029599532365640880e+04
19    4.021553078502776738e-06    2.534869622093932769e-06    1.547750137742973566e-07    1.723364739858577195e+03
1    1.595904133225526652e-06    4.772052720253345046e-06    3.506532491100626803e-07    2.763488199409830941e+03
23    5.419504611686190973e-06    2.801103461054885105e-06    -9.739173519875959748e-08    1.626687719972863306e+04
64    4.514112592699003404e-06    2.568413269085205169e-06    -4.354598414348030704e-08    7.120229451245169912e+03
58    2.720948501333953471e-06    2.274899552342358526e-06    5.724721946299132912e-08    2.016953731676684129e+03
88    4.396394147558882507e-06    2.550727562031278619e-06    2.819817213414602466e-07    1.319756636212223930e+04
69    5.516644672040316325e-06    2.878223796233190877e-06    1.535857845815032791e-07    7.523273988514861230e+03
99    1.382027689804361574e-06    1.841696526635483694e-06    2.617639666440327893e-07    8.291388498235453881e+03
62    4.514112592699003404e-06    2.568413269085205169e-06    -4.354598414348030704e-08    4.804735817223283448e+03
78    1.460738327394744097e-06    5.328001542396572719e-06    8.370160112244201311e-08    3.253361050399653323e+03
28    2.762490858687346800e-06    3.166584914807573925e-06    1.337633532969367582e-07    1.002816885875133812e+04
4    1.886111424076937032e-06    3.908150114074878774e-06    1.250617290835787077e-07    9.310501467037904149e+03
10    1.577842298293224460e-06    4.715911633039698087e-06    1.375349872530342578e-07    1.563256034440810254e+04
77    4.935916329705617496e-07    1.366682083280669759e-06    3.259162650754371778e-07    2.840509309778289662e+03
71    2.159925461339422822e-06    3.448765430629738586e-06    5.019019151950166432e-08    1.000550102649448127e+04
55    4.698093164328049236e-06    2.600384832960229319e-06    -7.090651976340881531e-08    9.362841792730931047e+03
38    2.698268362333859593e-06    2.341040899184889011e-06    1.052057931670802658e-07    5.709908070222358219e+03
52    1.484750530735125781e-06    5.144325939543857191e-06    3.577278521022606644e-08    4.428539133683205364e+03
63    4.985327171961559566e-07    1.355502232555201329e-06    3.192684720657771265e-07    2.652319131610050135e+03
79    2.391227578732589433e-06    2.324733985173486630e-06    1.595549580575496236e-07    3.242362972415378408e+03
24    5.637902820585353459e-06    2.961321081496412183e-06    2.165241744391044835e-07    7.732402374018176488e+03
92    5.550747505189737834e-06    2.888845108833221995e-06    2.120500576184177667e-07    2.340026884259381404e+03
25    3.285346768454902482e-07    1.045656951184789990e-06    2.952366552795741607e-07    4.406415452333631038e+03
27    3.230110023219007821e-06    2.429231709003871901e-06    1.109031421010919093e-07    8.752848640284662906e+03
87    4.772090450246870607e-06    2.562095092255116990e-06    -3.063091062424295132e-10    6.298057952671313615e+03
67    3.004268174057086779e-06    3.051127848261399986e-06    9.714852226955664675e-08    4.943196525456977724e+03
43    4.072740792415683689e-06    2.497843248986380251e-06    -3.906864123055587026e-09    9.017705936908434524e+03
59    1.482046541741734800e-06    5.221942173707202545e-06    5.039501915593823625e-09    9.087143582370525110e+03
43    4.927523969928236155e-06    2.660364190485619539e-06    -6.686087879310179018e-08    6.571739575783412874e+03
93    2.969705318845848098e-06    1.994272970186363028e-06    -2.738902656403677950e-07    1.068646306402505070e+04
70    3.721747022807721706e-06    2.481742323298167664e-06    1.695218016009079040e-07    1.163719192909148478e+04
4    2.746888094182420533e-06    2.465365457221635585e-06    -1.062431692413233773e-07    5.518839124883739714e+03
93    2.859897517759622666e-06    3.099197613638490506e-06    9.148631615578662813e-08    1.044112621251504788e+04
65    4.514112592699003404e-06    2.568413269085205169e-06    -4.354598414348030704e-08    8.269671739319235712e+03
69    1.741613948356871038e-06    4.250281864556700604e-06    2.812787317834789971e-07    4.363264930142779122e+03
73    4.935916329705617496e-07    1.366682083280669759e-06    3.259162650754371778e-07    8.465390443047992449e+03
36    1.582480201687719980e-06    4.704519401765269691e-06    4.739470519921993614e-08    1.090600720857805936e+04
30    5.670339139817031402e-06    2.975891358409467113e-06    1.782028064917282043e-07    7.196762594772148077e+03
98    1.480750348985830691e-06    5.232067515578194282e-06    -3.836315366235662846e-09    9.049200853955118873e+03
19    3.273574021855412199e-06    2.687658543693150965e-06    1.463546883100718380e-07    1.043663431747151662e+04
99    4.419434352941561486e-06    2.551407627588043805e-06    1.629598413051499227e-07    2.337120190484874911e+03
97    1.483283208242089344e-06    5.184218259390043969e-06    2.089867762636631174e-07    5.276829725673289431e+03
14    5.048706735460397153e-06    2.655105393291477775e-06    1.632966091154323737e-07    2.953109184277647728e+03
2    1.595904133225526652e-06    4.772052720253345046e-06    3.506532491100626803e-07    4.920921777585490418e+03
29    2.223573554003066444e-06    2.263154998056453698e-06    2.544968047683918768e-07    2.637435444067650678e+03
39    1.536487987605377167e-06    6.068916258613486412e-06    -1.122459030996808525e-07    3.888331915878492055e+03
11    1.533442083615757256e-06    6.060393813817750100e-06    -8.403981480964069474e-08    8.873149600953358458e+03
58    3.358440927129519196e-06    2.595066599672874510e-06    1.280479006457182205e-07    2.073893899267872712e+03
7    3.805085568942151734e-06    2.461899823890888907e-06    1.227659314866414619e-08    1.007319026232052784e+04
83    1.490131200230103517e-06    5.102299187908552061e-06    -1.317678735677404112e-07    1.336041902805785139e+04
92    3.955688037559321054e-06    2.551180574896859101e-06    1.383453123612285088e-07    3.781416636360230768e+03
27    1.517694007493389131e-06    5.939539171530298056e-06    -2.814545361673856340e-07    8.637890264009540260e+03
53    3.249119581609958307e-06    1.916320078113900906e-06    -2.783953860857171366e-07    7.812978761464717536e+03
16    4.581808664868945685e-06    2.511845879301739304e-06    8.599771309537881296e-08    9.475701744880107071e+03
2    1.781794616819783035e-06    4.305269813770303377e-06    1.692396642027569145e-08    1.001072996384827093e+04
12    5.048361939703357441e-06    2.610639972850430595e-06    -1.537364092882535398e-07    4.467166321550348584e+03
60    2.107247652761745602e-06    3.573647300028889357e-06    5.851968437465763041e-08    4.051492702705743341e+03
30    1.818844294692298886e-06    4.188360247411328412e-06    5.400183368281498299e-08    9.585440620618983303e+03
34    2.233666701418551709e-06    3.687967660730068805e-06    8.286896337593612883e-08    2.260336113199903139e+03
11    1.577842298293224460e-06    4.715911633039698087e-06    1.375349872530342578e-07    1.236466870668621050e+04
40    2.389735635237301314e-06    3.088734970378478647e-06    -4.626070553373020544e-08    4.371117606920349317e+03
59    5.632198857413168727e-06    2.899083190300959403e-06    -5.433969609458084164e-08    2.725089881196684473e+03
92    1.904978614380108474e-06    3.914962692087051670e-06    9.231775155572349684e-08    1.095965117202060719e+04
97    1.764390973869794385e-06    4.253472378083921888e-06    1.035349478643466977e-07    5.853890644724911908e+03
43    5.732532509939235068e-07    1.586845526858318148e-06    3.013205001297456099e-07    2.320784226323199164e+03
74    1.508205522409907128e-06    4.756859210315613145e-06    1.709701216561401930e-07    2.264606032177081488e+03
41    1.647208638718830355e-06    4.700654735675980962e-06    1.511008123107087354e-07    4.220336736889194981e+03
29    1.423330082695007110e-06    5.127877855090168660e-06    1.959249013440328216e-07    2.401430247856574624e+03
30    2.249788548613383148e-06    3.607348319824293721e-06    1.337198058319144047e-07    8.084947864190015025e+03
91    5.588370466122639308e-06    2.903148915700779879e-06    1.430003539644755163e-09    1.855882240727977660e+03
39    2.322787465354156941e-06    3.226590708205851363e-06    -5.404771192495101755e-08    2.541920860933343647e+03
33    2.227204535778026945e-06    2.290054879204340993e-06    3.316837826786957078e-07    4.412272901269459908e+03
97    2.467058398712054147e-06    3.399036697964843806e-06    1.192422050345802317e-07    6.976717035880634285e+03
28    5.368396352081438225e-07    1.524109944049251382e-06    3.329597474264544806e-07    2.755355743275134500e+03
1    4.074583987681308792e-06    2.513362131847187851e-06    -2.783085849424462198e-08    2.844222737498467723e+03
84    2.413904380254985811e-06    3.018126679164269610e-06    -7.392426253102610883e-08    6.465493850747796387e+03
47    3.842987602583638748e-06    2.462918763657923253e-06    1.103912131846914254e-08    4.111266679022849530e+03
54    5.766255543681895772e-06    3.006671636682942728e-06    -2.656100675666604349e-08    3.819539578138290381e+03
50    4.726411880047568602e-06    2.622924008151380635e-06    -2.333266704548440959e-08    8.416489984852747511e+03
48    1.608086061660750762e-06    4.641191492846912433e-06    2.839727050062248780e-08    9.769404495726888854e+03
44    1.953630878385152882e-06    3.819731496266025883e-06    1.059753821254477007e-07    6.636292821840602301e+03
89    4.396394147558882507e-06    2.550727562031278619e-06    2.819817213414602466e-07    1.470557125614768302e+04
99    1.765552703339771532e-06    4.310071807787805377e-06    1.344335041274553491e-07    7.969602526606299762e+03
93    4.465415852914423696e-06    2.543479644415970404e-06    1.276692684281735627e-07    9.647770789740929104e+03
67    1.823879401691911934e-06    4.044896486217287007e-06    2.148292061927895994e-07    6.541758556857824260e+03
75    4.212666887272186599e-06    2.571261079331956666e-06    2.071613881858816343e-07    8.779187294621939145e+03
96    3.097556105922611696e-06    2.448609697775879711e-06    7.178283742685696572e-08    9.849877912363239375e+03
46    2.879242849078124606e-06    2.116311459475584146e-06    -2.902332975906809348e-07    1.259463276321271405e+04
58    1.465916176248112082e-06    5.265700599882605358e-06    2.196747787263327710e-09    2.351897483630878469e+03
69    3.721747022807721706e-06    2.481742323298167664e-06    1.695218016009079040e-07    1.392186607245573032e+04
93    1.904978614380108474e-06    3.914962692087051670e-06    9.231775155572349684e-08    1.505704685185264907e+03
57    1.780348530156468577e-06    4.134593557949671747e-06    2.451281469714626926e-07    8.002575412617128677e+03
33    3.164921309251587503e-06    2.917588056764140295e-06    9.189673300237868345e-08    1.180270492329059198e+04
74    3.419063548454147221e-06    2.537995278682530797e-06    1.257155503970069044e-07    1.031406647647689715e+04
47    2.888878407251072116e-06    2.057661224546703185e-06    -1.946324219318137295e-07    8.184624626592247296e+03
85    2.413904380254985811e-06    3.018126679164269610e-06    -7.392426253102610883e-08    1.066761000756878821e+04
39    2.962152545621280355e-06    1.930933366800172253e-06    -2.370444871680837437e-07    5.583750176622242179e+03
59    3.754885277410803881e-06    2.494749410810306339e-06    1.926769866133457166e-07    1.081476215335982852e+04
24    5.019704645678942010e-06    2.622392959453816171e-06    2.090623377866914859e-07    7.749946045714066713e+03
32    1.796172255843795267e-06    4.298640493176162576e-06    5.609086258395122209e-08    5.202987963965526433e+03
69    4.938327014714805768e-06    2.663326289639491186e-06    -3.196708962193543993e-08    3.110868755967343077e+03
93    3.420067955969195843e-06    2.551376086345637416e-06    1.997651641961569505e-07    8.136493043665656842e+03
69    6.032096964238697082e-06    3.283721392609544912e-06    1.701460771327581556e-07    3.080252316880508261e+03
96    6.106787357184519675e-06    3.391931147898877814e-06    1.642149953895038658e-07    2.261707127078838766e+03
4    1.649747994066270682e-06    4.780187906384004457e-06    3.682550539633647084e-07    3.446798328904368645e+03
30    4.558718826764387490e-06    2.568595173665001356e-06    -4.988358985539915443e-08    4.786856204655009606e+03
27    5.383177067700634639e-06    2.785425974695216303e-06    -6.930050605047879713e-08    3.718736170731990114e+03
62    3.358440927129519196e-06    2.595066599672874510e-06    1.280479006457182205e-07    7.662638347154814255e+03
51    3.842987602583638748e-06    2.462918763657923253e-06    1.103912131846914254e-08    9.295422277518769988e+03
16    4.981853933347913884e-06    2.622619891847522469e-06    2.697523127276582771e-07    9.877276175521448749e+03
67    2.159925461339422822e-06    3.448765430629738586e-06    5.019019151950166432e-08    4.145122656000326970e+03
37    1.536487987605377167e-06    6.068916258613486412e-06    -1.122459030996808525e-07    4.177103767251399404e+03
5    3.805085568942151734e-06    2.461899823890888907e-06    1.227659314866414619e-08    8.750668354395635106e+03
26    1.466045173839229115e-06    5.269128712402294116e-06    2.344791776484973364e-08    3.744567117626348590e+03
9    1.487377342542169393e-06    5.309109600880046702e-06    -1.021642323266359639e-07    2.058064034060235372e+03
70    2.159925461339422822e-06    3.448765430629738586e-06    5.019019151950166432e-08    9.990590966651008785e+03
56    1.534689022826208311e-06    4.820133145989715730e-06    5.838552551056239840e-08    9.213349257130315891e+03
34    1.596501170540345284e-06    4.652668316286940237e-06    6.252565621563647945e-08    1.006591798511198249e+04
81    4.150785348431088875e-06    2.495363548069239204e-06    -2.955581080132411367e-08    1.104365325472257791e+04
85    5.042950773789866569e-06    2.671679855686075150e-06    -2.102267722069059495e-08    6.779102430135835675e+03
6    1.487377342542169393e-06    5.309109600880046702e-06    -1.021642323266359639e-07    5.072544457814386078e+03
34    2.971619964985862129e-06    2.431159033848427646e-06    2.045926076387232875e-07    9.638459542090417017e+03
48    1.523207931020510643e-06    5.234820041480811909e-06    4.507473867576942417e-07    4.986979038406480868e+03
32    3.278349815195817065e-06    1.915074460103806628e-06    -3.066114866955333303e-07    8.382453007943830016e+03
27    3.382806997090955146e-06    1.915387079489459411e-06    -1.036651988331755072e-08    2.031791393529244715e+03
40    1.649180327092404647e-06    4.585873586026137856e-06    3.091315785008868150e-07    2.512905279091575267e+03
28    4.816136885471845853e-06    2.584772780745985043e-06    2.498448024839122203e-07    9.609024537988625525e+03
77    1.544045850517119589e-06    4.788228726075600629e-06    2.100912052712244835e-08    3.241597072190474591e+03
68    3.413708243717055284e-06    2.559690309321346224e-06    1.380196870847043706e-07    3.551443033499994272e+03
6    1.563028420984922367e-06    4.870178228866730469e-06    4.090400361595667535e-07    6.178432028145823097e+03
3    1.781794616819783035e-06    4.305269813770303377e-06    1.692396642027569145e-08    1.028343150107150905e+04
98    6.071022979422108291e-06    3.370752870381408679e-06    1.737850047780326958e-07    1.689341400975943998e+03
18    3.273574021855412199e-06    2.687658543693150965e-06    1.463546883100718380e-07    6.643509421189786735e+03
90    1.278622373552055288e-06    1.789820846812443318e-06    2.498139497635291204e-07    2.692816441798036976e+03
31    3.883610921853897817e-06    2.505153463499891341e-06    2.860444385011516929e-07    1.167914938801119388e+04
73    3.419063548454147221e-06    2.537995278682530797e-06    1.257155503970069044e-07    7.850236102523374939e+03
33    3.271434104614678863e-06    1.787379886640098052e-06    -3.508418020553023136e-07    9.005168753534393545e+03
59    5.003933264574764400e-06    2.659863865286777232e-06    -1.509089632584627233e-07    6.546882060364096105e+03
10    4.585844008857327543e-06    2.532702523441224393e-06    2.055196387068903804e-07    9.272375036162800825e+03
42    5.062155737133601926e-06    2.666798270821989467e-06    1.827395180945702549e-07    8.444458367960225587e+03
15    5.048706735460397153e-06    2.655105393291477775e-06    1.632966091154323737e-07    1.944552817900338823e+03
25    1.966135522949166920e-06    4.015113734346317842e-06    6.396651303948520838e-08    2.297723152734231917e+03
35    4.919331288435545670e-06    2.647871185424815892e-06    -9.447285347881792905e-08    2.133987963476432924e+03
12    3.270196697676465317e-06    1.654327946858904463e-06    -3.972718100260613090e-07    1.384389639443767373e+04
34    1.478905373349251004e-06    5.590163179567144265e-06    -6.619672360308029322e-08    3.308362521035347982e+03
12    1.474965272215016012e-06    5.448758349040937772e-06    -4.067346105050966754e-08    1.392017791470077100e+04
47    4.849192546756390202e-06    2.577902724600774691e-06    -6.971558881239695087e-08    2.070117138322037590e+03
70    4.957009517586013647e-06    2.606859457039111932e-06    1.084578978633187052e-07    2.444837874188558999e+03
80    5.491017562829061020e-06    2.848551951347349164e-06    2.125822449328062851e-07    5.723058604393062524e+03
53    5.722469367181346580e-06    2.875761126325579850e-06    -1.541114723109237333e-07    8.498150688143807201e+03
5    3.370806231483113956e-06    1.772205044793382337e-06    -3.831313800514575627e-07    1.641591295880969483e+04
75    1.777564465358819555e-06    4.173481902699628605e-06    1.842676666964979065e-07    1.983926808393364126e+03
78    3.557379927772437352e-07    1.097336415611797839e-06    2.976431531468628204e-07    2.007944935942803568e+03
89    3.292026984245345254e-06    1.715357361236564799e-06    -3.300883094225222357e-07    1.119153747869939616e+04
35    1.582480201687719980e-06    4.704519401765269691e-06    4.739470519921993614e-08    2.486923874803658236e+03
41    1.732100007810499600e-06    4.289349560411115015e-06    2.427978266352050210e-07    2.771813301167257123e+03
34    3.447429597031455754e-06    2.494112625847346274e-06    7.760299448993101829e-08    5.849796865420034010e+03
84    3.995339609868255886e-06    2.489908990849487942e-06    5.587985852979530804e-08    3.433357302637040448e+03
40    1.536487987605377167e-06    6.068916258613486412e-06    -1.122459030996808525e-07    2.062299061366981277e+03
51    5.075592686882057857e-06    2.700676953674968764e-06    -4.418971713483788258e-09    2.890639214308307146e+03
47    2.517416798320305487e-06    2.854308095346927932e-06    -5.281435937701385289e-08    3.557543082307206078e+03
57    1.507851447148798861e-06    5.092924321607024048e-06    -5.722540886155908808e-08    3.489805148152421225e+03
64    1.529051938422657621e-06    4.851090010701193349e-06    6.938421092915299189e-08    4.617789850210428995e+03
28    1.537750492341557036e-06    6.055125786380428752e-06    -7.811232486321937859e-08    2.488514371453693911e+03
42    3.997520641047285688e-06    2.499280343931324899e-06    1.345319054689375593e-07    3.369969023565854513e+03
18    5.723528701823468655e-06    3.017087115707927945e-06    2.192452290116637089e-07    1.390185211391472330e+04
35    1.850591691107030603e-06    4.136158748645338480e-06    9.571142837378668622e-08    8.266176159825143259e+03
87    4.262938737752180186e-06    2.556037961762938377e-06    1.971274898112223688e-07    1.055715098760828550e+04
61    1.514268493844217839e-06    4.984192127230563630e-06    3.125652801566328807e-12    1.414532715886908227e+04
65    2.893462096715565867e-06    2.465955522078995135e-06    4.186120679771148226e-08    4.799701451704723695e+03
85    1.493490219834342450e-06    5.829639544858691861e-06    -3.530046133136521207e-07    7.310529525257996283e+03
45    1.933886968345544948e-06    3.865517055550303983e-06    1.030143341561824124e-07    1.280847456812102610e+04
51    2.375943332894179697e-06    3.170988902046713849e-06    1.003184110740775053e-08    5.790584762230724664e+03
99    1.480750348985830691e-06    5.232067515578194282e-06    -3.836315366235662846e-09    1.218710529522029719e+04
44    2.888878407251072116e-06    2.057661224546703185e-06    -1.946324219318137295e-07    6.946072495634754887e+03
13    5.170934007958921895e-06    2.713373996561344662e-06    -4.117772892135110770e-08    4.606737110810628110e+03
68    5.516644672040316325e-06    2.878223796233190877e-06    1.535857845815032791e-07    3.877927408934320738e+03
90    4.465415852914423696e-06    2.543479644415970404e-06    1.276692684281735627e-07    1.497184599968121620e+04
13    1.474965272215016012e-06    5.448758349040937772e-06    -4.067346105050966754e-08    1.444125525869183548e+04
96    2.467058398712054147e-06    3.399036697964843806e-06    1.192422050345802317e-07    7.802017364335042657e+03
4    3.571521500359733288e-06    2.450778250201077135e-06    2.020597247691216678e-07    1.015403077286401458e+04
79    1.544045850517119589e-06    4.788228726075600629e-06    2.100912052712244835e-08    4.930484847509954307e+03
23    2.775891241879365742e-06    2.379223025420636569e-06    -1.768183056061099467e-07    6.066359988848687863e+03
11    4.516008736105152336e-06    2.552585035824406955e-06    3.397315667220672665e-07    1.967316346924070967e+04
53    2.536597673109533555e-06    2.807722884348198123e-06    -8.977610812106447762e-08    1.082652348541882930e+04
24    3.285346768454902482e-07    1.045656951184789990e-06    2.952366552795741607e-07    1.554885021249212286e+03
73    1.801839093369154414e-06    4.222471529311488080e-06    5.280670889126606377e-08    2.169425957650805231e+03
60    1.514268493844217839e-06    4.984192127230563630e-06    3.125652801566328807e-12    1.404807316359098149e+04
32    4.485758674846897543e-06    2.542584695233938303e-06    2.851600296045273547e-07    7.380294302641163995e+03
96    1.335317870679650103e-06    1.811077091827593671e-06    2.064338427498012577e-07    1.372325551490668431e+03
60    1.479700255405609106e-06    5.395718043144369334e-06    -4.000840203569217416e-08    2.341451501028444909e+03
32    3.839174771489167967e-06    2.519007899925308854e-06    2.022606939850052823e-07    5.910856547017534467e+03
46    1.513884841504507632e-06    5.287319527548269575e-06    5.396003571257668291e-07    8.574600243139257145e+03
58    2.546410546278034983e-06    2.773251774303362267e-06    -2.435911279045829578e-08    6.752843293457385698e+03
64    2.132317190978016213e-06    3.546884752710229543e-06    9.200430554853750262e-10    1.296736184025047442e+04
6    3.805085568942151734e-06    2.461899823890888907e-06    1.227659314866414619e-08    1.007181228078091772e+04
36    2.922005407980911970e-06    2.089593224142065062e-06    -2.578132767751016677e-07    1.199497591215228204e+04
74    4.212666887272186599e-06    2.571261079331956666e-06    2.071613881858816343e-07    6.391028443359716221e+03
5    1.563028420984922367e-06    4.870178228866730469e-06    4.090400361595667535e-07    5.395974848862123508e+03
48    2.517416798320305487e-06    2.854308095346927932e-06    -5.281435937701385289e-08    1.031559760167760578e+04
98    2.901193518112169453e-06    3.071537843138603705e-06    8.368576915651154008e-08    1.283575367435262160e+04
67    2.432339514011039346e-06    3.121214043449869452e-06    -3.857915807603147229e-08    2.179231626338751084e+03
80    4.509098357527978955e-06    2.527564044313782258e-06    2.220872954896870648e-07    1.079769862951834693e+04
87    3.598727451984450176e-06    2.470253684873083026e-06    1.857276677286095789e-07    8.745044966547646254e+03
32    2.180686944205820330e-06    3.435128615126133034e-06    9.772874994712876678e-08    3.900659775736198753e+03
98    1.537793448800480938e-06    1.968044487660460557e-06    2.222059768471679600e-07    5.914073296701107211e+03
33    1.850591691107030603e-06    4.136158748645338480e-06    9.571142837378668622e-08    1.052993440758940051e+04
13    2.614839226990430681e-06    2.372017472788758956e-06    1.898263695478699997e-07    3.800489885574955224e+03
42    3.403524173958299641e-06    2.447387381457236355e-06    9.251172451397978383e-08    1.278342642507703931e+04
24    3.483582184091216711e-06    1.459360797025277520e-06    -3.622087565699249533e-07    7.876387520722320005e+03
67    6.032096964238697082e-06    3.283721392609544912e-06    1.701460771327581556e-07    1.731580338222680211e+03
65    1.684819307235506072e-06    2.048826543415885994e-06    2.194651887947891798e-07    1.612985200285459769e+03
36    2.302438679288562938e-06    3.229203779093154759e-06    -2.228615467200276839e-08    1.005147933383942473e+04
45    2.888878407251072116e-06    2.057661224546703185e-06    -1.946324219318137295e-07    1.003965514218911449e+04
91    2.859897517759622666e-06    3.099197613638490506e-06    9.148631615578662813e-08    2.491456421529529507e+03
95    2.859897517759622666e-06    3.099197613638490506e-06    9.148631615578662813e-08    1.073407758913123689e+04
53    3.804506937995737018e-06    2.484042953375387339e-06    1.171436546602290113e-07    7.769194948696591382e+03
10    2.465753891524361563e-06    3.386897124331036434e-06    1.252462171061101483e-07    1.131339940540616772e+04
65    2.147948113325816462e-06    3.489078535658608707e-06    3.549048544782033828e-08    5.084030960689595304e+03
64    3.358440927129519196e-06    2.595066599672874510e-06    1.280479006457182205e-07    1.011545847765110193e+04
58    3.304511464876807378e-06    1.709898358378624050e-06    -3.366190229740832888e-07    1.682367203726698426e+04
9    2.700400536571234201e-06    2.484905542695139303e-06    -1.620263612223012397e-07    5.845768283019036971e+03
77    5.204878362145825184e-06    2.753770107355781670e-06    -3.964371445915183362e-08    2.685484095810878443e+03
3    1.604586379285950585e-06    4.869797604855545352e-06    3.610675907056708603e-07    7.094406268858799194e+03
46    1.953630878385152882e-06    3.819731496266025883e-06    1.059753821254477007e-07    1.401780420675631149e+03
47    1.608086061660750762e-06    4.641191492846912433e-06    2.839727050062248780e-08    9.640663911817578992e+03
30    1.550830421852050522e-06    5.893353173622383342e-06    -1.055225350206596550e-07    2.107634354435029763e+03
83    1.752158310989235484e-06    4.231963421956434525e-06    2.144846956882927359e-07    1.310265294579067995e+04
42    1.647208638718830355e-06    4.700654735675980962e-06    1.511008123107087354e-07    4.888623630045009122e+03
5    4.017045160574298669e-07    1.188051214367147236e-06    3.161945737914311036e-07    2.568323406200416684e+03
7    3.443307404284243392e-06    1.343407364060874726e-06    -3.383523145061007951e-07    7.497125826824461910e+03
40    5.062155737133601926e-06    2.666798270821989467e-06    1.827395180945702549e-07    1.804484909781617534e+04
43    1.475680027607971220e-06    5.267834973783785324e-06    4.308256506914248391e-07    7.932271206096502283e+03
2    5.197856174941705267e-06    2.710365834284128168e-06    -1.138888243727813492e-07    2.596661669316080861e+03
29    1.517694007493389131e-06    5.939539171530298056e-06    -2.814545361673856340e-07    1.533883962779791364e+04
8    2.700936293355335923e-06    2.443989866489227278e-06    -1.510892012396967700e-07    1.408082852742311115e+04
49    5.075592686882057857e-06    2.700676953674968764e-06    -4.418971713483788258e-09    7.109575435864098836e+03
26    3.335865484373723485e-06    2.575222956281733088e-06    1.154429499878415045e-07    1.804203121151779669e+03
59    2.139194856524027699e-06    2.256784417238000851e-06    1.824936485448115782e-07    8.236504380101772767e+03
24    1.401369429281980446e-06    1.913152898831960187e-06    3.085446586643035267e-07    1.889878331664140887e+03
6    3.402623311520356696e-06    1.376806891854532368e-06    9.925727563555985447e-09    2.783890072557246185e+03
25    1.466045173839229115e-06    5.269128712402294116e-06    2.344791776484973364e-08    1.340219694503499113e+03
37    2.944402518884719723e-06    2.029273050711488682e-06    -2.695347504087153976e-07    1.065354160756325291e+04
86    4.262938737752180186e-06    2.556037961762938377e-06    1.971274898112223688e-07    1.511418182208029248e+04
81    4.586091509361543759e-06    2.539517712976476394e-06    2.941672921178112352e-07    1.773364899261063329e+04
24    3.820267930191871601e-06    2.553684645234859257e-06    2.020071418766524177e-07    2.059407037603142271e+03
97    2.985036075554678999e-06    2.466887844153132119e-06    9.550139839688153961e-08    3.419458676716521950e+03
63    1.525708255900622860e-06    4.911158892386449514e-06    2.715981993365711572e-08    8.369431416366698613e+03
55    3.804506937995737018e-06    2.484042953375387339e-06    1.171436546602290113e-07    1.842328169720275810e+03
86    2.413904380254985811e-06    3.018126679164269610e-06    -7.392426253102610883e-08    1.103860454849099915e+04
94    2.859897517759622666e-06    3.099197613638490506e-06    9.148631615578662813e-08    1.137652385430624963e+04
52    2.944767982979346862e-07    1.042793912272412505e-06    3.535194755274240764e-07    1.359842394663416144e+03
67    1.474701470787007615e-06    5.305258036477716924e-06    -3.899023339468883742e-08    1.074418779780956538e+04
5    1.936888132907308846e-06    3.877904285120973188e-06    5.697033371252472755e-08    1.361905668753437112e+03
51    3.221111479971380548e-06    1.991130360552164154e-06    -3.067585731692550106e-07    3.305958996625668533e+03
50    5.608524238708526760e-06    2.924364054939347843e-06    1.726171125888019822e-07    7.636554623107547741e+03
2    2.962693364014836724e-06    2.047905661851415081e-06    -2.541452434906967594e-07    1.708565830602775532e+04
68    1.490927807432397147e-06    5.172640272204711567e-06    -1.104426415017730268e-07    1.714016822648909147e+04
77    1.777564465358819555e-06    4.173481902699628605e-06    1.842676666964979065e-07    7.141788232249382418e+03
52    5.587538444589496800e-07    1.542864954057293531e-06    2.130641767338706006e-07    1.778129380772185186e+03
51    5.711357601719716170e-06    2.941392621531019071e-06    -3.324982602834210696e-08    8.103002490606218089e+03
86    1.996215602123377653e-06    3.859882175943895737e-06    1.374759152487796008e-07    1.289049858479865179e+04
92    3.433674740837972134e-07    1.097334365321008862e-06    3.324564442581117097e-07    1.505863198341152611e+03
58    2.247612352386386575e-06    2.292299361894238693e-06    1.326901801219724765e-07    1.121234364867500881e+04
28    2.223573554003066444e-06    2.263154998056453698e-06    2.544968047683918768e-07    9.234345688503819474e+03
60    5.733773050716477559e-06    2.917370979968524241e-06    -1.298437045159854387e-07    4.295979027629371558e+03
73    1.617260388656190543e-06    2.004929327491231928e-06    2.366603577222652862e-07    1.759032397018226902e+03
59    1.624115800283420373e-06    2.049815074648811242e-06    1.313964098769788132e-07    4.222125999716291517e+03
35    1.510779208524634809e-06    5.935539803511019037e-06    -3.100415988488920411e-07    3.433242727750163340e+03
50    3.842987602583638748e-06    2.462918763657923253e-06    1.103912131846914254e-08    4.664403959477545868e+03
20    4.978092905709216266e-06    2.610691306481526226e-06    2.174736439579831272e-07    1.134312846469158467e+04
10    1.496724307137317148e-06    6.053297290532922892e-06    6.520446829722298409e-08    3.408219379718713299e+03
22    3.451537861270214441e-06    1.637503570025450189e-06    -3.334767640302340534e-07    4.946826612496338385e+03
95    1.830226897097887698e-06    4.115334927324393685e-06    9.583064667252658678e-09    3.152034001333086508e+03
12    4.045979571286920978e-06    2.451083236490395113e-06    6.122772735099822404e-08    8.977489659524546369e+03
90    1.796047303323094580e-06    4.114500493992871843e-06    1.996983869752021246e-07    1.959780786090883339e+04
60    1.720095194990497022e-06    4.322288649901815554e-06    2.683607899722495687e-07    4.662062113844268424e+03
90    3.287899829583972905e-06    1.779262522991043003e-06    -3.627465597817333781e-07    1.363192456322735052e+04
27    4.816136885471845853e-06    2.584772780745985043e-06    2.498448024839122203e-07    1.768447128262500883e+03
24    2.725784349154137649e-06    2.379495897768686302e-06    -1.098982376254578718e-07    6.068917719268912151e+03
59    4.514112592699003404e-06    2.568413269085205169e-06    -4.354598414348030704e-08    4.581931748997772956e+03
46    1.608086061660750762e-06    4.641191492846912433e-06    2.839727050062248780e-08    9.840688073428245843e+03
22    5.419504611686190973e-06    2.801103461054885105e-06    -9.739173519875959748e-08    7.672937827740803186e+03
38    2.389735635237301314e-06    3.088734970378478647e-06    -4.626070553373020544e-08    2.142724096261438717e+03
5    2.746888094182420533e-06    2.465365457221635585e-06    -1.062431692413233773e-07    8.919531767171767569e+03
54    3.804506937995737018e-06    2.484042953375387339e-06    1.171436546602290113e-07    9.113104438013415347e+03
78    1.544045850517119589e-06    4.788228726075600629e-06    2.100912052712244835e-08    9.216399776326996289e+03
49    1.608086061660750762e-06    4.641191492846912433e-06    2.839727050062248780e-08    7.286826058251464019e+03
16    3.451630560455649957e-06    1.439219196295057033e-06    -1.056732221191594111e-07    1.854201601987744425e+03
43    1.732100007810499600e-06    4.289349560411115015e-06    2.427978266352050210e-07    1.290193088220985010e+04
17    4.680967911200285929e-06    2.540287754388397532e-06    2.126169118701519956e-07    1.051855113780836473e+04
56    1.780348530156468577e-06    4.134593557949671747e-06    2.451281469714626926e-07    3.865671104187694255e+03
78    4.216587921290146176e-06    2.530035537934171434e-06    2.291361937836454813e-07    1.038562987444026840e+04
67    1.510856845176997548e-06    1.958609141625577660e-06    2.388929400539395490e-07    3.983480784393070280e+03
63    5.021320655579200879e-06    2.700955308361447739e-06    9.201158421814103131e-10    1.706401668233664623e+03
39    1.482908603756342397e-06    5.184462883400953435e-06    4.801021966761136525e-07    3.039363911234224361e+03
12    4.516008736105152336e-06    2.552585035824406955e-06    3.397315667220672665e-07    1.541447337377408439e+04
70    1.490927807432397147e-06    5.172640272204711567e-06    -1.104426415017730268e-07    6.828582129702769635e+03
24    4.588916917038947077e-06    2.549316817675459020e-06    1.584892261200228314e-07    4.218340649220280284e+03
98    1.823655269518753315e-06    4.145828004047057464e-06    1.381810498085458124e-07    1.609486181207674781e+04
13    3.944576486464424711e-06    2.475192114589453209e-06    3.344142804639616641e-07    7.771324269624192311e+03
19    5.075177465278070769e-06    2.671188012041391609e-06    9.443451856253760579e-08    3.690071422546398935e+03
97    3.918127911894955470e-06    2.489357939933336962e-06    1.973670494578805892e-07    1.397834903738286130e+03
17    5.723528701823468655e-06    3.017087115707927945e-06    2.192452290116637089e-07    9.499581510077312487e+03
75    2.746609471650508005e-06    2.412666877132536322e-06    1.322182347425631080e-07    1.039295012563755517e+04
71    1.490927807432397147e-06    5.172640272204711567e-06    -1.104426415017730268e-07    6.367573275534934510e+03
40    3.434200087532999378e-06    1.496998107147547885e-06    -3.846158049331032852e-07    1.859229255594615097e+04
88    1.719464435702208591e-06    4.602626915907014845e-06    3.341925079687381800e-07    1.707940284849837553e+03
4    1.531143946715289895e-06    5.310459771443620897e-06    5.712973437841566696e-07    5.598926919162081504e+03
69    4.514112592699003404e-06    2.568413269085205169e-06    -4.354598414348030704e-08    6.853277372565497899e+03
63    2.083788963285796272e-06    3.657285985852642418e-06    1.119999853695936503e-07    1.322048785584506049e+03
3    2.744941445521870196e-06    3.182947045289616160e-06    7.232896562111442799e-08    3.584777879789585313e+03
85    3.457775584367721254e-06    1.445355368961831798e-06    -3.111101533273727916e-07    7.357285185447493859e+03
43    3.484603784011925612e-06    2.462215588785974277e-06    1.292718661809594155e-07    1.393070268058410420e+03
44    5.574643817906883426e-07    1.539969822110321258e-06    1.868342341533593046e-07    2.411106098444925919e+03
86    3.436274091083434190e-06    1.389467548491493210e-06    -2.298708706731609712e-07    3.667325216122183065e+03
28    3.510673174443404809e-06    1.753592747205700343e-06    -3.138666807533971785e-07    1.147450959699880877e+04
95    3.453112516323178754e-06    1.561961604838606756e-06    -3.037258944113932239e-07    6.657566064148309124e+03
30    3.491703547290373709e-06    1.298835561549435856e-06    -3.030758781507366741e-07    7.420742813583508905e+03
29    3.504630753256672941e-06    1.810427750286923659e-06    -2.901037716137926361e-07    8.941273326720373007e+03
10    1.487377342542169393e-06    5.309109600880046702e-06    -1.021642323266359639e-07    7.029424093519620328e+03
3    2.895753813387171071e-06    2.008238821104401258e-06    -1.379399905278223010e-07    7.354750766679170738e+03
33    1.502892431537873555e-06    5.766408862610021831e-06    -3.903334006652756914e-07    6.916214687549945666e+03
43    1.508746382939990113e-06    5.834528153100842400e-06    2.096712649929778391e-08    1.560803796415274064e+03
64    3.258992075007260553e-06    1.945298977351394401e-06    -3.089116829194765963e-07    6.311445524279568417e+03
11    3.430324767088927192e-06    1.302871098961100153e-06    4.521890389487489837e-08    1.638036319862515484e+03
12    1.496724307137317148e-06    6.053297290532922892e-06    6.520446829722298409e-08    1.697247841642935555e+03
44    2.544458059508527197e-06    2.801485034546415356e-06    -9.999125535370785331e-08    9.959043130007965374e+03
13    3.014942456714036055e-06    1.921565156925308716e-06    -1.994660918649505860e-07    6.114140483367244087e+03
18    3.403614504321473146e-06    8.353235867213637277e-07    -1.833717613261703013e-07    3.421695449495970024e+03
63    1.720095194990497022e-06    4.322288649901815554e-06    2.683607899722495687e-07    2.100398867081391018e+03
23    3.443867748735631250e-06    1.444283622768486281e-06    -2.051046662545559946e-07    3.569844973708526595e+03
64    2.893462096715565867e-06    2.465955522078995135e-06    4.186120679771148226e-08    1.743308686828183454e+03
16    3.403614504321473146e-06    8.353235867213637277e-07    -1.833717613261703013e-07    1.131991661519153922e+03
97    3.059656084814837276e-06    2.947810639422016079e-06    1.370412424451418274e-07    2.993520396812576564e+03
71    1.539795468623827625e-06    5.643380290584844394e-06    -4.768449919833843801e-08    1.673771190130639070e+03
29    2.774385162366162843e-06    3.250570200802951401e-06    7.329144243934821382e-08    1.758119943798266831e+03
42    1.750501934849911416e-06    4.305488979138279450e-06    8.208022894953568414e-08    2.453215805262088907e+03
65    5.021320655579200879e-06    2.700955308361447739e-06    9.201158421814103131e-10    2.878524446915745557e+03
29    3.512736074504270100e-06    1.406933274800708322e-06    -1.315372290274528991e-07    3.829465209042365586e+03
30    2.285393320605481258e-06    2.249539825773301018e-06    2.960381513267999874e-07    2.460735914930961371e+03
55    5.757235780640011636e-06    3.048791075095780216e-06    1.357771570779889432e-07    6.967596417329367796e+03
83    2.604992184545641753e-06    2.654468286835030174e-06    -1.128440765457218334e-07    8.737870176445472680e+03
70    3.310161561219334404e-06    2.651057403690874879e-06    5.277115015030758271e-08    3.859307545585980279e+03
1    2.366379869677739482e-06    3.526907602705901910e-06    1.092541798357796589e-07    5.814832810281805905e+03
10    2.884826378773412306e-06    3.313194410602810207e-06    8.859491138929909704e-08    1.602991296333415448e+03
66    1.509306309077135702e-06    5.006150131306403233e-06    1.392028593869279827e-07    7.966227659250562283e+03
26    5.453480011138977758e-06    2.866211921394860629e-06    -1.829798844916690993e-08    5.442712216512238228e+03
38    1.660540431129844692e-06    4.513836618849807343e-06    2.090017866887174062e-07    4.517185162389359903e+03
0    2.245142534624466391e-06    3.540394090867674684e-06    2.425131744611866146e-07    7.035159846900520279e+03
84    1.499422871563323127e-06    5.024345793571537917e-06    -2.852157953334893670e-07    6.919731736323073164e+03
9    1.690413425557689924e-06    4.426689538149077230e-06    4.720394105948785983e-08    4.341778586713515324e+03
82    1.494421376117663755e-06    4.773252374898549417e-06    -2.632281963764224237e-07    4.997005681291590918e+03
70    1.477433623455106067e-06    1.951273010397061506e-06    4.095008680165530681e-07    1.922387895931669163e+03
22    2.878024429618302934e-06    2.420847974498826105e-06    1.421284070647549885e-07    6.435199300290822976e+03
94    2.634100258553285937e-06    2.619537782287145986e-06    5.927012707182235696e-08    5.130741983974804498e+03
98    2.706065279888375525e-06    2.489604856555798554e-06    -2.702356779058458907e-08    6.146006125511598839e+03
13    3.330542832296681409e-06    1.518902005811253795e-06    -2.284786806832848501e-07    3.207274696276203940e+03
13    3.030623432409743848e-06    2.326336537923858779e-06    1.596695996540394293e-07    2.743100583118274699e+03
48    2.852127984448781404e-06    2.076302176522033800e-06    -3.796684026799544125e-07    1.439306289001645928e+04
58    1.904897148681802649e-06    4.033876907750963123e-06    1.296459528327676481e-07    3.677499189523253335e+03
29    3.527325782214096279e-06    9.075815194898512062e-07    9.961384169287499243e-09    1.439011933000994986e+03
77    4.340143617053836881e-06    2.579409867498602273e-06    4.019304363561112261e-07    1.263148720862953269e+04
47    3.318576557264519772e-06    1.041843191008690768e-06    -1.145016243238194594e-09    1.201353436668636505e+03
9    2.587922299201490004e-06    3.279956814231055110e-06    2.120588213453875764e-07    5.608563617809837524e+03
27    2.467081130385284804e-06    2.348984798099576765e-06    2.471665923177500979e-07    1.145500972278084009e+04
30    4.137485893206136642e-06    2.501733430717508531e-06    2.880833375900450084e-07    3.113412169887502387e+03
60    5.230776159396355920e-07    1.392913698216611277e-06    9.322359364802315929e-08    2.197794822708322954e+03
53    3.728958928581006881e-07    1.096826501972254402e-06    1.556276529833183554e-07    4.177522795192755439e+03
59    3.306934552089326428e-06    2.553347422836365887e-06    -6.471857615686599787e-08    3.016647012915125742e+03
42    1.480946890300321174e-06    5.155946489358871367e-06    3.335653604541993869e-07    1.996798613248686024e+03
83    1.603208052144820977e-06    4.717939207478461590e-06    2.442909711171108291e-07    3.321949809360939526e+03
12    3.008171155872945304e-06    2.398407900899838728e-06    -1.980429514559816546e-08    7.967019316146100209e+03
62    3.188293775388769918e-06    1.878722262852846112e-06    -3.369676684370732792e-07    6.172179235965080807e+03
68    6.010016471648970581e-06    3.255829140640027898e-06    2.715819922619966347e-07    2.466925546826546906e+03
12    2.257432367541725396e-06    3.541543683802923343e-06    -7.193026468651222410e-08    8.806950505565471758e+03
59    3.258373495325861727e-06    1.731051625481832149e-06    -2.179256880785127232e-07    6.371850892377558012e+03
54    3.344382550907289732e-06    1.613424223073534501e-06    -3.016950872166094862e-07    5.773406129736488765e+03
41    3.382902791044528843e-06    1.902925059001636445e-06    -3.746129056309371013e-07    1.624375081248404786e+04
47    1.595727330849652038e-06    5.281155566779929627e-06    2.777593560796195223e-07    2.859035430329561677e+03
82    2.609394024137769784e-06    2.729667061839904467e-06    -2.061004977501492944e-07    2.670985554982315989e+03
3    1.445733675679683013e-06    5.355500502058215867e-06    4.879744489988784094e-07    5.949538888475372914e+03
76    1.542628280009594922e-06    4.933596171376899440e-06    -1.277951553315312039e-07    2.001810482198538011e+03
59    2.459894117192466736e-06    2.720593581987363177e-06    -3.407332512538597929e-07    9.318650156125086141e+03
58    3.630434477789904835e-06    9.811627167194194776e-07    -2.293711750633989826e-07    3.114768635893068222e+03
86    1.690697617150933334e-06    4.642963395675482246e-06    2.301740790500794224e-07    1.430716184173880265e+03
78    5.278251151328518630e-06    2.800242202236393218e-06    4.666546446485689300e-08    7.170381035136289029e+03
6    3.380346664766870523e-06    1.910533068067154315e-06    1.329367982342333590e-07    2.575462627301783868e+03
55    3.077785816981499213e-06    1.880544714540521188e-06    3.714583987584856362e-08    1.829424863228324966e+03
30    1.413463885470862085e-06    5.398371248247734002e-06    3.798773820130293422e-07    3.807587775526974383e+03
41    5.113396398844207131e-06    2.695833674319842665e-06    3.355890106936641969e-07    9.804251082176364434e+03
27    3.509626554768125695e-06    1.062575221168015978e-06    -3.886373402098558045e-07    1.063495469612857960e+04
56    3.522189255239985200e-06    1.135585182699098020e-06    -2.547454306436216052e-07    4.474280692306702804e+03
21    3.429969459684707604e-06    8.570720528072211977e-07    -1.991644761424214254e-08    1.566185453741991296e+03
5    5.418864932200005829e-06    2.806403637658744612e-06    -2.136319653991573634e-07    3.093004386403776607e+03
85    4.310143315980369627e-06    2.561062479105930236e-06    9.931377806700927987e-08    1.497065067423270739e+04
57    3.305856976118038884e-06    1.571981672550513343e-06    -1.600704610294647108e-07    4.485225648928983901e+03
13    3.081259090796167856e-06    2.970567594590875742e-06    3.037290040718161988e-08    4.078281663067835780e+03
28    3.027545789464757872e-06    2.130331286062292866e-06    -3.791631613669627243e-07    2.526049296645053983e+04
10    4.092065853833391348e-06    2.534767845109903369e-06    -2.525542201922744973e-07    6.360766834326194839e+03
29    2.979746944082992357e-06    1.951536793780228548e-06    -3.735933577981404588e-07    3.282848546152815834e+04
96    3.446843499613889782e-06    1.979265272487647101e-06    -1.313298822110348914e-07    1.237339219597778765e+03
64    3.802947157073961971e-06    2.531252637912980227e-06    -2.276023601321420742e-07    3.883015667844052587e+03
80    5.941091613293693989e-06    2.993745787046105268e-06    4.568074315245659133e-08    2.454157739445214247e+03
11    3.074327031130348475e-06    1.955030612583671770e-06    -1.091931273730242585e-07    2.851024762879924765e+03
32    1.579082237579822525e-06    4.787433276457633380e-06    -1.916789277929955062e-07    1.144040437001287683e+04
32    1.234623320969373198e-06    5.054099615596998569e-06    1.446546045456706023e-07    2.636349217392501032e+03
45    3.351048090753100315e-06    1.777257171648355310e-06    -2.813067493615223589e-08    1.700190512626754071e+03
78    3.376886377356101801e-06    1.259420023660456856e-06    -2.782777064805670189e-07    3.859524455712421513e+03
74    4.722727105104112286e-06    2.502833473665144663e-06    1.221112279840388360e-07    1.797873042304674073e+03
42    3.521105632343531304e-06    1.113373047735352882e-06    1.663734706457989769e-07    1.271976457547455311e+03
42    3.432038098081553022e-06    1.679384539951943584e-06    -2.453132846050114067e-07    3.369816039561798334e+03
26    3.600737257918885525e-06    1.129538963213692793e-06    3.825836349432260874e-08    1.379951143580859025e+03
37    3.468402103339366941e-06    1.208431265250698629e-06    5.005669658291700848e-08    9.901990324517493036e+02
11    1.521093449403172425e-06    5.452938688438451010e-06    3.029438759393126466e-07    1.314169259427866791e+03
64    1.830435405082300347e-06    4.551057866854643305e-06    9.843543667850360370e-09    1.508459170458946346e+03
